.Random.seed <-
c(403L, 10L, 1122379413L, -374321873L, -869648330L, -1848079264L, 
-1924816221L, -937110079L, 270442928L, 1605796046L, 1303600697L, 
-1923588021L, 23368186L, -1348498180L, -486956737L, 31809045L, 
-601563860L, 2102177282L, -1228852003L, -215289897L, 2109442750L, 
-1725494024L, -826903845L, 469838137L, 1662479496L, -1194615754L, 
329033841L, -170026333L, 318996466L, -44117180L, 2141322247L, 
503224797L, 1816848084L, 2013088250L, 1974936901L, -1385303649L, 
2091782950L, -890442832L, -737011629L, -1242459279L, 1867145888L, 
1245451838L, 139173193L, 128410619L, -304871478L, -77547220L, 
-1549347537L, -1704436763L, 1397400220L, -961435918L, -570984595L, 
2020491431L, -2074459442L, -633049048L, 260967467L, 570670665L, 
-1071777960L, 811704838L, -391312415L, 1371875699L, 182487522L, 
-618320556L, -1929264041L, -1078876083L, -650384412L, 781896138L, 
1861472309L, 1965428367L, -1375363178L, 2064098112L, -1527214589L, 
-1594371039L, 880973584L, -141013778L, -1579428711L, -657309397L, 
-300812262L, -2054851876L, -1724239137L, 1371434165L, 2101463628L, 
952088226L, -2132369923L, -941377801L, -1727537122L, 1186755288L, 
-480242117L, 1711547353L, -1891118744L, -854349674L, -1875499503L, 
933060547L, 1754964946L, 807493220L, 944287143L, -374308099L, 
846706420L, 1674797530L, -415095515L, 147956799L, 851137478L, 
-1117863856L, -1114018701L, -775454575L, -1368612672L, 1747323550L, 
-1827584407L, -166496613L, 424106922L, -912998452L, -784026993L, 
-1935533371L, -731549060L, -477585710L, -1880982963L, -1165584633L, 
577207022L, -1811583032L, -239324981L, 930091305L, 95037816L, 
-2030715226L, -385931071L, -217505453L, 339086850L, 1652971316L, 
1989792951L, 546784429L, -328998460L, -243990038L, -101671339L, 
1793404911L, -479485962L, 11295008L, 1295898339L, 1702145921L, 
928889328L, 2101913742L, -2105028615L, -737073781L, -1380269638L, 
-739524420L, 168190975L, 668528981L, -1408079252L, 855047874L, 
-536762083L, -141443177L, -3671298L, -1217240904L, -730436965L, 
838158585L, -310052280L, 1947968886L, 1568240817L, 1719236835L, 
-298125390L, 534865924L, 1246313287L, -1629728227L, 1587767444L, 
417605690L, -1965929851L, 1336998751L, -507374618L, -1622188432L, 
1877184915L, 341104177L, -558527264L, 1201102206L, 818122761L, 
-389971909L, 118476298L, 312139244L, 1493389935L, 1642896805L, 
-698884772L, -776593102L, -675512275L, 1692286695L, 777081870L, 
-1717019160L, 252168171L, -2104076151L, -1266172904L, 626891590L, 
-416323167L, -718186445L, -165603934L, 1924755604L, 538220311L, 
-1798315763L, -1495988188L, 154519562L, 647986549L, 1423502543L, 
99237846L, -1232863360L, -219679805L, -2012727967L, -947139632L, 
1150937902L, -1048258855L, 1085162731L, 656606554L, -888621284L, 
1490727455L, 1803407989L, 691543820L, 1112412898L, -680982595L, 
979025975L, -1618752802L, 754365976L, -1711842949L, -1255501543L, 
-1673265752L, 1048797526L, -1881431599L, -1628577405L, 1646059538L, 
1831015332L, 663397223L, -1911015235L, 1848344628L, -1754410086L, 
410116069L, 1329621887L, -334750970L, -1302415276L, -348473406L, 
1205301280L, -1262782276L, 756765264L, -2086341662L, -727236504L, 
1184121932L, -35120900L, -1668445198L, -929888000L, -702742156L, 
129117192L, 1744879546L, 1578562000L, 1498217452L, 1095131540L, 
-1907158574L, -836202144L, -394293428L, 301685024L, 1975762818L, 
-1825902872L, -1658371860L, -936774596L, -160302222L, -640074128L, 
-1160489948L, -1132000456L, 1164504218L, -1124740400L, 1768767676L, 
-5607788L, -872040830L, -157497152L, -2103467204L, 1788255376L, 
-873054686L, -888877048L, 1805360396L, -1859310436L, 680115730L, 
862535552L, -1752969708L, 214051368L, -20302534L, -825161264L, 
-76106644L, 1644570932L, 1839797906L, 2070367072L, -693783732L, 
-1650509856L, 412833698L, 1126827944L, 192540044L, 799934652L, 
1262209394L, -57518864L, -246419388L, 366322008L, -181213638L, 
615234416L, 478165052L, -1742184684L, 1934534082L, 1792817888L, 
792123260L, 1598889680L, -320333662L, -220836824L, -1912806132L, 
1909319612L, -2033211086L, 2110548416L, -1512355276L, 755882952L, 
481097914L, -650303088L, 1239323116L, 955728468L, -56725358L, 
220245792L, 972270028L, 1716442592L, 1470232258L, 1425433640L, 
-1811828052L, 1345545404L, 1081092594L, -1077202640L, 377115812L, 
-2139928904L, -1539752614L, -19925616L, 756831100L, 1785293076L, 
961119042L, -203023616L, -271272004L, 1014292304L, -2058157278L, 
2117377352L, 840968716L, 1295550556L, -566461230L, -617211392L, 
-1429574316L, 1047812584L, -1356837894L, 1406632144L, -1317925588L, 
381723380L, -1959798382L, -1756777376L, -1718901492L, 249352928L, 
398805346L, -497280344L, -411860404L, 1467429244L, -1274215118L, 
-172642192L, 1195460420L, -2093171240L, 342002810L, 431025712L, 
-1565668676L, 1388060500L, 1139250242L, 201735584L, 1137052348L, 
-506807856L, 960855394L, -1070895128L, 1887389644L, 129863420L, 
-1996529166L, 2081261696L, -1464171276L, -136477048L, 702895930L, 
442118992L, 1045014124L, 2086781076L, -1228648110L, 997883616L, 
-2047282484L, 1504047264L, 241580930L, 770175720L, 2017137388L, 
-747758532L, 1555534450L, 857633904L, 1459324452L, -980827080L, 
-1529923558L, -530670896L, 1854379068L, 1236608148L, 1996790914L, 
1095813056L, -1007527620L, -756903280L, 429354018L, 2013053960L, 
1899055244L, -507118564L, -114944366L, -1312537472L, 825970708L, 
-1970821848L, 2021396026L, 750462160L, -814918548L, 1587868340L, 
491886610L, -1121859616L, -2037944372L, -2039116320L, -1365606878L, 
1741924648L, 1137709324L, 662742588L, -1628925710L, 980495088L, 
1417401156L, -1226663336L, -1461632454L, 1292158704L, 1219087548L, 
-2055942636L, 1717682370L, -1384947616L, -1125290628L, 1628519632L, 
-1306653662L, 1131690664L, 174423948L, 1895651772L, 571032626L, 
-2051799232L, -961341260L, -150129848L, 1555745466L, -273625328L, 
1563752684L, 1396675668L, 1429780242L, 796930976L, 1453203404L, 
1086073696L, -1665015614L, 2103838248L, 721147308L, 738234172L, 
-1503830158L, -1523027152L, 638132772L, -129028040L, -1903473446L, 
-800636528L, -1044351236L, -559886444L, 542991170L, 249764352L, 
-600551688L, 1659389089L, 1344413779L, 1497992052L, 167524610L, 
1673157015L, -1541422239L, -85092442L, -1662799452L, 1926047829L, 
-1984021249L, 1038385560L, 1031510710L, -108727485L, 1674358405L, 
-1102126302L, 1617205264L, 1584014265L, -321534869L, 105813852L, 
1584754314L, -911525249L, -688577591L, 1525481566L, -258710772L, 
148294365L, -1420499993L, 1856960528L, -800877266L, -1343231525L, 
-1222758723L, -1269670870L, -1623958328L, 1284897265L, -1297074333L, 
993128292L, 2005141138L, 1095230311L, -1465070287L, -2033752458L, 
-338667628L, -1497111643L, 124245167L, 1402587496L, 1043460422L, 
756795635L, -1999481259L, 1047280178L, 1145833472L, -85877527L, 
1550490459L, 108051884L, -1159387718L, -476404881L, 2128147705L, 
-146167410L, 138861660L, -820859187L, -537163209L, 848937152L, 
1155092382L, 1383797867L, 161068013L, -1047177638L, -1227089640L, 
-311384447L, 727022643L, -1939404204L, 761740898L, 100110583L, 
-606633151L, 1771059654L, 523289348L, 2139924149L, 158618015L, 
907218424L, 1294500822L, -1092919709L, -1210819035L, -1285018174L, 
708666032L, 368913113L, 650660939L, -2138139972L, 665227498L, 
-1725723361L, 629167529L, 1084437310L, 1462013484L, -1764180867L, 
-1246214457L, -50888784L, -423505458L, 1528548091L, -2110465699L, 
-1222464886L, 925915304L, -638686191L, -1959772925L, 2142343172L, 
145563698L, 1068550279L, 174392529L, -929735082L, 189673012L, 
518669637L, -700250225L, 622146312L, 1325298982L, 2039655891L, 
911157045L, 735096466L, 860772960L, 479722441L, -636273925L, 
433980620L, 1415060826L, -999477169L, -727081703L, 1011455790L, 
767682876L, 144957101L, -247260841L, -150300512L, -1512233474L, 
-487786293L, 1927513805L, 1824100858L, 1996810808L, -1810880543L, 
1960419475L, -638467404L, -368799806L, -1027605545L, -1089989599L, 
-250895386L, 1198231268L, 411081237L, 1385959999L, 2072095192L, 
-543957002L, -366286845L, 1195819845L, -550287518L, 803563728L, 
700896249L, 911519531L, 469765276L, 459162314L, -1989555265L, 
